# Matter power spectrum P(k) at redshift z=0
# for k=1.04906e-05 to 532.088 h/Mpc,
# number of wavenumbers equal to 629
#    1:k (h/Mpc)              2:P (Mpc/h)^3        
       1.049057021273e-05       4.731809647102e+01 
       2.342383614018e-05       1.028106308727e+02 
       3.640294897250e-05       1.574011605945e+02 
       4.946311501133e-05       2.116513838192e+02 
       6.264012752725e-05       2.658856738880e+02 
       7.597068850596e-05       3.203500341419e+02 
       8.949274076187e-05       3.752567562272e+02 
       1.032458148694e-04       4.308027746207e+02 
       1.172713953962e-04       4.871791430615e+02 
       1.316133109557e-04       5.445768148038e+02 
       1.463181526029e-04       6.031907067573e+02 
       1.614357250291e-04       6.632229068130e+02 
       1.770195348246e-04       7.248853967287e+02 
       1.931273196842e-04       7.884026633678e+02 
       2.098216217345e-04       8.540140967750e+02 
       2.271704070266e-04       9.219764609580e+02 
       2.452477314786e-04       9.925663476992e+02 
       2.641344509460e-04       1.066082668925e+03 
       2.839189693541e-04       1.142849141042e+03 
       3.046980135971e-04       1.223216769182e+03 
       3.265774168024e-04       1.307566165589e+03 
       3.496728821504e-04       1.396309628219e+03 
       3.741106873427e-04       1.489892935326e+03 
       4.000282747855e-04       1.588796329586e+03 
       4.275746546371e-04       1.693534709569e+03 
       4.569105276933e-04       1.804656527833e+03 
       4.882080141357e-04       1.922740957217e+03 
       5.216498552435e-04       2.048392887350e+03 
       5.574279427139e-04       2.182235247927e+03 
       5.957410305203e-04       2.324898122726e+03 
       6.367915050729e-04       2.477004524354e+03 
       6.807811390405e-04       2.639152234801e+03 
       7.279058388673e-04       2.811892628647e+03 
       7.783495168138e-04       2.995706657649e+03 
       8.322773670012e-04       3.190979355018e+03 
       8.898289810102e-04       3.397974944965e+03 
       9.511118697068e-04       3.616814721659e+03 
       1.016196025635e-03       3.847459759585e+03 
       1.085110131063e-03       4.089701465756e+03 
       1.157839876164e-03       4.343160566668e+03 
       1.234328614615e-03       4.607295948268e+03 
       1.314480294739e-03       4.881422141892e+03 
       1.398164325384e-03       5.164734087456e+03 
       1.485221826798e-03       5.456336339881e+03 
       1.575472615624e-03       5.755273968644e+03 
       1.668722285789e-03       6.060562838803e+03 
       1.764768850731e-03       6.371216156957e+03 
       1.863408568279e-03       6.686267890940e+03 
       1.964440736971e-03       7.004790335514e+03 
       2.067671400801e-03       7.325907844456e+03 
       2.172916011237e-03       7.648805721710e+03 
       2.280001166490e-03       7.972735090911e+03 
       2.388765583080e-03       8.297014749232e+03 
       2.499060462314e-03       8.621030375680e+03 
       2.610749404036e-03       8.944233339316e+03 
       2.723707999917e-03       9.266133671167e+03 
       2.837823214794e-03       9.586300958786e+03 
       2.952992641051e-03       9.904354392934e+03 
       3.069123689855e-03       1.021996167490e+04 
       3.186132765289e-03       1.053283389165e+04 
       3.303944453188e-03       1.084271893754e+04 
       3.422490745434e-03       1.114940072464e+04 
       3.541710312294e-03       1.145269123535e+04 
       3.661547829415e-03       1.175243162639e+04 
       3.781953361944e-03       1.204848635861e+04 
       3.902881805415e-03       1.234074019752e+04 
       4.024292381232e-03       1.262909850404e+04 
       4.146148183490e-03       1.291348364531e+04 
       4.268415773293e-03       1.319382920138e+04 
       4.391064816466e-03       1.347008575897e+04 
       4.514067760607e-03       1.374221523399e+04 
       4.637399547514e-03       1.401018521552e+04 
       4.761037357298e-03       1.427396831308e+04 
       4.884960380739e-03       1.453355629055e+04 
       5.009149616781e-03       1.478894765350e+04 
       5.133587692318e-03       1.504018635367e+04 
       5.258258701750e-03       1.528718946731e+04 
       5.383148064040e-03       1.552999401137e+04 
       5.508242395263e-03       1.576868054562e+04 
       5.633529394865e-03       1.600315126308e+04 
       5.758997744043e-03       1.623356055808e+04 
       5.884637014884e-03       1.645984793060e+04 
       6.010437588999e-03       1.668203222846e+04 
       6.136390584603e-03       1.690012560953e+04 
       6.262487791069e-03       1.711424128998e+04 
       6.388721610123e-03       1.732432540829e+04 
       6.515085002944e-03       1.753046433255e+04 
       6.641571442511e-03       1.773264920940e+04 
       6.768174870629e-03       1.793096090463e+04 
       6.894889659120e-03       1.812541263435e+04 
       7.021710574741e-03       1.831602457576e+04 
       7.148632747423e-03       1.850284800766e+04 
       7.275651641482e-03       1.868591164672e+04 
       7.402763029506e-03       1.886526625354e+04 
       7.529962968622e-03       1.904094721541e+04 
       7.657247778915e-03       1.921299059782e+04 
       7.784614023773e-03       1.938142382472e+04 
       7.912058491976e-03       1.954630116596e+04 
       8.039578181342e-03       1.970765386917e+04 
       8.167170283791e-03       1.986552423609e+04 
       8.294832171685e-03       2.001993188615e+04 
       8.422561385321e-03       2.017094247024e+04 
       8.550355621469e-03       2.031858057454e+04 
       8.678212722857e-03       2.046288802292e+04 
       8.806130668521e-03       2.060389204132e+04 
       8.934107564927e-03       2.074164574311e+04 
       9.062141637815e-03       2.087617235352e+04 
       9.190231224680e-03       2.100751687945e+04 
       9.318374767849e-03       2.113570821981e+04 
       9.446570808098e-03       2.126079249247e+04 
       9.574817978757e-03       2.138279716564e+04 
       9.703115000261e-03       2.150175539712e+04 
       9.831460675129e-03       2.161770694538e+04 
       9.959853883301e-03       2.173068278216e+04 
       1.008829357783e-02       2.184072332932e+04 
       1.021677878091e-02       2.194785992508e+04 
       1.034530858015e-02       2.205212191684e+04 
       1.047388212516e-02       2.215354124609e+04 
       1.060249862438e-02       2.225215854055e+04 
       1.073115734212e-02       2.234799919956e+04 
       1.085985759583e-02       2.244111407878e+04 
       1.098859875352e-02       2.253151459933e+04 
       1.111738023142e-02       2.261923945370e+04 
       1.124620149182e-02       2.270432077406e+04 
       1.137506204093e-02       2.278679350097e+04 
       1.150396142706e-02       2.286667968528e+04 
       1.163289923884e-02       2.294401561581e+04 
       1.176187510354e-02       2.301883247821e+04 
       1.189088868556e-02       2.309115261375e+04 
       1.201993968503e-02       2.316101912664e+04 
       1.214902783644e-02       2.322845701434e+04 
       1.227815290744e-02       2.329346987361e+04 
       1.240731469773e-02       2.335613459525e+04 
       1.253651303790e-02       2.341645289280e+04 
       1.266574778856e-02       2.347444935093e+04 
       1.279501883932e-02       2.353015950762e+04 
       1.292432610804e-02       2.358360752568e+04 
       1.305366953996e-02       2.363483116744e+04 
       1.318304910702e-02       2.368385316661e+04 
       1.331246480718e-02       2.373068843900e+04 
       1.344191666379e-02       2.377537522703e+04 
       1.357140472503e-02       2.381794265406e+04 
       1.370092906339e-02       2.385840417072e+04 
       1.383048977517e-02       2.389679138671e+04 
       1.396008698007e-02       2.393313838710e+04 
       1.408972082075e-02       2.396745769400e+04 
       1.421939146252e-02       2.399978949703e+04 
       1.434909909296e-02       2.403014471174e+04 
       1.447884392167e-02       2.405856360341e+04 
       1.460862617997e-02       2.408504557171e+04 
       1.473844612072e-02       2.410964614605e+04 
       1.486830401807e-02       2.413237275464e+04 
       1.499820016730e-02       2.415324639853e+04 
       1.512813488471e-02       2.417230326425e+04 
       1.525810850742e-02       2.418955819902e+04 
       1.538812139338e-02       2.420503765368e+04 
       1.551817392120e-02       2.421876424011e+04 
       1.564826649016e-02       2.423076924867e+04 
       1.577839952017e-02       2.424104849334e+04 
       1.590857345175e-02       2.424966353360e+04 
       1.603878874606e-02       2.425659882579e+04 
       1.616904588496e-02       2.426190540082e+04 
       1.629934537099e-02       2.426559343956e+04 
       1.642968772756e-02       2.426768306435e+04 
       1.656007349892e-02       2.426820471094e+04 
       1.669050325037e-02       2.426717455237e+04 
       1.682097756835e-02       2.426462400044e+04 
       1.695149706059e-02       2.426055001346e+04 
       1.708206235628e-02       2.425500151986e+04 
       1.721267410626e-02       2.424796189456e+04 
       1.734333298321e-02       2.423951489180e+04 
       1.747403968188e-02       2.422962800805e+04 
       1.760479491932e-02       2.421831935023e+04 
       1.773559943513e-02       2.420564533178e+04 
       1.786645399173e-02       2.419159825315e+04 
       1.799735937465e-02       2.417622345339e+04 
       1.812831639281e-02       2.415951901490e+04 
       1.825932587888e-02       2.414150580911e+04 
       1.839038868957e-02       2.412218407599e+04 
       1.852150570601e-02       2.410164733984e+04 
       1.865267783412e-02       2.407982675316e+04 
       1.878390600499e-02       2.405677357904e+04 
       1.891519117524e-02       2.403254929247e+04 
       1.904653432754e-02       2.400714407857e+04 
       1.917793647094e-02       2.398054881625e+04 
       1.930939864138e-02       2.395279295096e+04 
       1.944092190218e-02       2.392389232563e+04 
       1.957250734448e-02       2.389390366074e+04 
       1.970415608779e-02       2.386279724496e+04 
       1.983586928048e-02       2.383066161507e+04 
       1.996764810038e-02       2.379739601473e+04 
       2.009949375530e-02       2.376313398077e+04 
       2.023140748364e-02       2.372785459807e+04 
       2.036339055498e-02       2.369155111920e+04 
       2.049544427072e-02       2.365423995967e+04 
       2.062756996473e-02       2.361596607444e+04 
       2.075976900401e-02       2.357671118711e+04 
       2.089204278938e-02       2.353657860197e+04 
       2.102439275620e-02       2.349548146264e+04 
       2.115682037512e-02       2.345349142099e+04 
       2.128932715282e-02       2.341059855504e+04 
       2.142191463278e-02       2.336683246456e+04 
       2.155458439614e-02       2.332222911006e+04 
       2.168733806251e-02       2.327677367391e+04 
       2.182017729081e-02       2.323048389468e+04 
       2.195310378019e-02       2.318339398530e+04 
       2.208611927095e-02       2.313547018845e+04 
       2.221922554544e-02       2.308682293733e+04 
       2.235242442911e-02       2.303740680873e+04 
       2.248571779144e-02       2.298726685994e+04 
       2.261910754704e-02       2.293633949532e+04 
       2.275259565666e-02       2.288470881992e+04 
       2.288618412836e-02       2.283236680304e+04 
       2.301987501859e-02       2.277933487126e+04 
       2.315367043339e-02       2.272564604993e+04 
       2.328757252961e-02       2.267128229248e+04 
       2.342158351612e-02       2.261630349857e+04 
       2.355570565516e-02       2.256067267562e+04 
       2.368994126360e-02       2.250439158112e+04 
       2.382429271436e-02       2.244753575476e+04 
       2.395876243779e-02       2.239009667720e+04 
       2.409335292316e-02       2.233205162593e+04 
       2.422806672014e-02       2.227346184458e+04 
       2.436290644037e-02       2.221431788877e+04 
       2.449787475905e-02       2.215461985812e+04 
       2.463297441662e-02       2.209446255358e+04 
       2.476820822045e-02       2.203370864751e+04 
       2.490357904659e-02       2.197252110950e+04 
       2.503908984163e-02       2.191077310887e+04 
       2.517474362457e-02       2.184869007036e+04 
       2.531054348875e-02       2.178596919382e+04 
       2.544649260386e-02       2.172287946337e+04 
       2.558259421807e-02       2.165933192905e+04 
       2.571885166010e-02       2.159540878026e+04 
       2.585526834148e-02       2.153103879889e+04 
       2.599184775887e-02       2.146622557588e+04 
       2.612859349637e-02       2.140111352454e+04 
       2.626550922805e-02       2.133555095959e+04 
       2.640259872043e-02       2.126961354270e+04 
       2.653986583512e-02       2.120335021426e+04 
       2.667731453159e-02       2.113669768445e+04 
       2.681494886993e-02       2.106979586879e+04 
       2.695277301379e-02       2.100244198617e+04 
       2.709079123339e-02       2.093484757143e+04 
       2.722900790869e-02       2.086696134703e+04 
       2.736742753258e-02       2.079874228214e+04 
       2.750605471427e-02       2.073020980387e+04 
       2.764489418277e-02       2.066141053874e+04 
       2.778395079052e-02       2.059242017211e+04 
       2.792322951709e-02       2.052307822491e+04 
       2.806273547315e-02       2.045360207889e+04 
       2.820247390441e-02       2.038378235720e+04 
       2.834245019590e-02       2.031378197182e+04 
       2.848266987624e-02       2.024354303489e+04 
       2.862313862223e-02       2.017304786982e+04 
       2.876386226349e-02       2.010246801807e+04 
       2.890484678737e-02       2.003161020033e+04 
       2.904609834400e-02       1.996060570289e+04 
       2.918762325158e-02       1.988934020904e+04 
       2.932942800185e-02       1.981799346804e+04 
       2.947151926581e-02       1.974642728547e+04 
       2.961390389964e-02       1.967472686879e+04 
       2.975658895092e-02       1.960292117405e+04 
       2.989958166502e-02       1.953096433030e+04 
       3.004288949186e-02       1.945880311329e+04 
       3.018652009284e-02       1.938656318219e+04 
       3.033048134822e-02       1.931419786788e+04 
       3.047478136463e-02       1.924168785329e+04 
       3.061942848305e-02       1.916916711634e+04 
       3.076443128708e-02       1.909651040128e+04 
       3.090979861158e-02       1.902375010153e+04 
       3.105553955169e-02       1.895085288480e+04 
       3.120166347228e-02       1.887795172813e+04 
       3.134818001777e-02       1.880491832957e+04 
       3.149509912247e-02       1.873187291385e+04 
       3.164243102134e-02       1.865875703951e+04 
       3.179018626127e-02       1.858556811645e+04 
       3.193837571291e-02       1.851238838894e+04 
       3.208701058303e-02       1.843907388539e+04 
       3.223610242746e-02       1.836578432798e+04 
       3.238566316472e-02       1.829239618712e+04 
       3.253570509022e-02       1.821904237841e+04 
       3.268624089125e-02       1.814559525749e+04 
       3.283728366263e-02       1.807222196478e+04 
       3.298884692324e-02       1.799871696259e+04 
       3.314094463331e-02       1.792524690169e+04 
       3.329359121259e-02       1.785182881577e+04 
       3.344680155955e-02       1.777835052381e+04 
       3.360059107151e-02       1.770489629141e+04 
       3.375497566579e-02       1.763143334723e+04 
       3.390997180215e-02       1.755797536590e+04 
       3.406559650623e-02       1.748457598194e+04 
       3.422186739447e-02       1.741112186404e+04 
       3.437880270022e-02       1.733766076184e+04 
       3.453642130148e-02       1.726435221621e+04 
       3.469474275003e-02       1.719092897729e+04 
       3.485378730238e-02       1.711759059801e+04 
       3.501357595238e-02       1.704424190765e+04 
       3.517413046579e-02       1.697096814272e+04 
       3.533547341687e-02       1.689773011181e+04 
       3.549762822717e-02       1.682449199940e+04 
       3.566061920663e-02       1.675130068248e+04 
       3.582447159720e-02       1.667813385219e+04 
       3.598921161918e-02       1.660499542413e+04 
       3.615486652042e-02       1.653195293193e+04 
       3.632146462864e-02       1.645887754706e+04 
       3.648903540714e-02       1.638588852859e+04 
       3.665760951407e-02       1.631292355171e+04 
       3.682721886562e-02       1.624000520801e+04 
       3.699789670345e-02       1.616712088331e+04 
       3.716967766661e-02       1.609424737734e+04 
       3.734259786838e-02       1.602145478953e+04 
       3.751669497848e-02       1.594868275506e+04 
       3.769200831099e-02       1.587595763518e+04 
       3.786857891858e-02       1.580326323410e+04 
       3.804644969346e-02       1.573064518146e+04 
       3.822566547576e-02       1.565802087319e+04 
       3.840627316998e-02       1.558544082395e+04 
       3.858832187013e-02       1.551291237960e+04 
       3.877186299445e-02       1.544040174364e+04 
       3.895695043057e-02       1.536787432381e+04 
       3.914364069211e-02       1.529543867476e+04 
       3.933199308769e-02       1.522299000997e+04 
       3.952206990377e-02       1.515057756180e+04 
       3.971393660238e-02       1.507817195582e+04 
       3.990766203553e-02       1.500576281264e+04 
       4.010331867775e-02       1.493337538440e+04 
       4.030098287875e-02       1.486098884043e+04 
       4.050073513820e-02       1.478861482860e+04 
       4.070266040512e-02       1.471621896698e+04 
       4.090684840438e-02       1.464382507097e+04 
       4.111339399340e-02       1.457138351679e+04 
       4.132239755232e-02       1.449894344672e+04 
       4.153396541156e-02       1.442642254918e+04 
       4.174821032097e-02       1.435390305477e+04 
       4.196525196558e-02       1.428132695809e+04 
       4.218521753343e-02       1.420868505763e+04 
       4.240824234189e-02       1.413599008242e+04 
       4.263447052980e-02       1.406319746375e+04 
       4.286405582370e-02       1.399031340601e+04 
       4.309716238773e-02       1.391735725393e+04 
       4.333396576833e-02       1.384424092499e+04 
       4.357465394645e-02       1.377108182104e+04 
       4.381942851200e-02       1.369775405978e+04 
       4.406850597779e-02       1.362426318677e+04 
       4.432211925287e-02       1.355059260826e+04 
       4.458051929872e-02       1.347672725129e+04 
       4.484397699555e-02       1.340270202058e+04 
       4.511278525095e-02       1.332839949014e+04 
       4.538726138883e-02       1.325387312811e+04 
       4.566774986360e-02       1.317911124589e+04 
       4.595462535292e-02       1.310398651054e+04 
       4.624829629259e-02       1.302861944527e+04 
       4.654920892984e-02       1.295284782743e+04 
       4.685785198628e-02       1.287671520822e+04 
       4.717476204089e-02       1.280016733234e+04 
       4.750052976660e-02       1.272311637887e+04 
       4.783580718277e-02       1.264561699475e+04 
       4.818131612193e-02       1.256760180928e+04 
       4.853785815401e-02       1.248893701224e+04 
       4.890632626762e-02       1.240968967182e+04 
       4.928771867907e-02       1.232966281976e+04 
       4.968315522984e-02       1.224894217859e+04 
       5.009389694685e-02       1.216723353925e+04 
       5.052136948574e-02       1.208464196910e+04 
       5.096719136147e-02       1.200099384195e+04 
       5.143320810713e-02       1.191618669594e+04 
       5.192153380133e-02       1.183000246193e+04 
       5.243460178487e-02       1.174239764393e+04 
       5.297522686407e-02       1.165311709337e+04 
       5.354668188629e-02       1.156192992143e+04 
       5.415279227658e-02       1.146855561331e+04 
       5.479805291962e-02       1.137271915914e+04 
       5.548777257200e-02       1.127393702684e+04 
       5.622825157311e-02       1.117172369498e+04 
       5.702699849579e-02       1.106539354398e+04 
       5.789298951141e-02       1.095410674711e+04 
       5.883696862056e-02       1.083676916480e+04 
       5.987177375983e-02       1.071189687752e+04 
       6.101264663305e-02       1.057753066553e+04 
       6.227743300967e-02       1.043111455040e+04 
       6.368649381065e-02       1.026906172836e+04 
       6.526202368412e-02       1.008693394384e+04 
       6.702635227516e-02       9.878863400277e+03 
       6.899882305483e-02       9.638136283253e+03 
       7.119127719550e-02       9.357814891178e+03 
       7.360323251024e-02       9.032411347936e+03 
       7.621910676451e-02       8.660282287827e+03 
       7.900982799466e-02       8.245655976594e+03 
       8.193883583039e-02       7.799295149569e+03 
       8.496951474843e-02       7.337065039707e+03 
       8.807061630076e-02       6.877124616118e+03 
       9.121836431818e-02       6.436891783169e+03 
       9.439605893253e-02       6.030733481264e+03 
       9.759258379349e-02       5.668592775680e+03 
       1.008007929916e-01       5.355645159713e+03 
       1.040161934258e-01       5.092648279562e+03 
       1.072359986290e-01       4.876484750902e+03 
       1.104584950697e-01       4.701125804466e+03 
       1.136826343742e-01       4.558500076661e+03 
       1.169077770401e-01       4.439391726322e+03 
       1.201335336111e-01       4.334304042414e+03 
       1.233596670771e-01       4.234295384081e+03 
       1.265860332038e-01       4.131715021006e+03 
       1.298125441617e-01       4.020876345924e+03 
       1.330391463977e-01       3.898409500662e+03 
       1.362658071870e-01       3.763408632173e+03 
       1.394925064636e-01       3.617214021218e+03 
       1.427192318607e-01       3.462963297186e+03 
       1.459459756987e-01       3.304979551595e+03 
       1.491727331560e-01       3.148081869525e+03 
       1.523995011581e-01       2.996960621763e+03 
       1.556262777025e-01       2.855668813531e+03 
       1.588530614471e-01       2.727247798001e+03 
       1.620798514612e-01       2.613564119991e+03 
       1.653066470714e-01       2.515243800136e+03 
       1.685334477694e-01       2.431790514770e+03 
       1.717602531537e-01       2.361733488990e+03 
       1.749870628946e-01       2.302857918368e+03 
       1.782138767118e-01       2.252474847793e+03 
       1.814406943608e-01       2.207681922520e+03 
       1.846675156235e-01       2.165938741959e+03 
       1.878943403029e-01       2.124677608667e+03 
       1.911211682188e-01       2.081411379963e+03 
       1.943479992053e-01       2.034649081188e+03 
       1.975748331085e-01       1.983652095635e+03 
       2.008016697855e-01       1.928444821001e+03 
       2.040285091029e-01       1.869738172482e+03 
       2.072553509358e-01       1.808731367172e+03 
       2.104821951675e-01       1.746921603967e+03 
       2.137090416882e-01       1.685824538144e+03 
       2.169358903951e-01       1.626865743045e+03 
       2.201627411912e-01       1.571210731734e+03 
       2.233895939852e-01       1.519737125111e+03 
       2.266164486913e-01       1.472968111433e+03 
       2.298433052282e-01       1.431111366318e+03 
       2.330701635195e-01       1.394048845424e+03 
       2.362970234928e-01       1.361375530579e+03 
       2.395238850795e-01       1.332440905065e+03 
       2.427507482151e-01       1.306431378363e+03 
       2.459776128380e-01       1.282421062556e+03 
       2.492044788902e-01       1.259509175788e+03 
       2.524313463165e-01       1.236874551285e+03 
       2.556582150645e-01       1.213873884926e+03 
       2.588850850845e-01       1.190041913379e+03 
       2.621119563293e-01       1.165141824473e+03 
       2.653388287538e-01       1.139137405009e+03 
       2.685657023154e-01       1.112161907985e+03 
       2.717925769732e-01       1.084513866442e+03 
       2.750194526885e-01       1.056583858644e+03 
       2.782463294243e-01       1.028843967023e+03 
       2.814732071452e-01       1.001763166136e+03 
       2.847000858176e-01       9.757782844981e+02 
       2.879269654093e-01       9.512209010673e+02 
       2.911538458896e-01       9.283218837117e+02 
       2.943807272290e-01       9.071584976687e+02 
       2.976076093996e-01       8.877012959766e+02 
       3.008344923743e-01       8.698099508425e+02 
       3.040613761276e-01       8.532776280156e+02 
       3.072882606346e-01       8.378557425385e+02 
       3.105151458718e-01       8.232707952174e+02 
       3.137420318166e-01       8.092473833289e+02 
       3.169689184472e-01       7.955270596683e+02 
       3.201958057428e-01       7.818937806579e+02 
       3.234226936834e-01       7.681681670169e+02 
       3.266495822498e-01       7.542482173324e+02 
       3.298764714234e-01       7.400975066504e+02 
       3.331033611867e-01       7.257491680031e+02 
       3.363302515225e-01       7.112879778805e+02 
       3.395571424145e-01       6.968345105993e+02 
       3.427840338468e-01       6.825222683871e+02 
       3.460109258043e-01       6.684840228334e+02 
       3.492378182723e-01       6.548417763581e+02 
       3.524647112368e-01       6.416932818867e+02 
       3.556916046842e-01       6.291140971630e+02 
       3.589184986013e-01       6.171541411715e+02 
       3.621453929757e-01       6.058251654148e+02 
       3.653722877951e-01       5.951093815110e+02 
       3.685991830478e-01       5.849503999193e+02 
       3.718260787224e-01       5.752747895370e+02 
       3.750529748080e-01       5.659839332032e+02 
       3.782798712941e-01       5.569841509072e+02 
       3.815067681705e-01       5.481891597784e+02 
       3.847336654272e-01       5.395280025068e+02 
       3.879605630548e-01       5.309514588836e+02 
       3.911874610440e-01       5.224252347150e+02 
       3.944143593860e-01       5.139318138457e+02 
       3.976412580721e-01       5.054675310868e+02 
       4.008681570939e-01       4.970434730664e+02 
       4.040950564435e-01       4.886813565259e+02 
       4.073219561129e-01       4.804150001630e+02 
       4.105488560946e-01       4.722833646932e+02 
       4.137757563812e-01       4.643244626952e+02 
       4.170026569658e-01       4.565725732504e+02 
       4.202295578413e-01       4.490506723221e+02 
       4.234564590010e-01       4.417693028733e+02 
       4.266833604386e-01       4.347307898842e+02 
       4.299102621478e-01       4.279299975342e+02 
       4.331371641224e-01       4.213565325501e+02 
       4.363640663565e-01       4.149971525554e+02 
       4.395909688444e-01       4.088348457152e+02 
       4.428178715806e-01       4.028486004943e+02 
       4.460447745595e-01       3.970148070905e+02 
       4.492716777761e-01       3.913055438134e+02 
       4.524985812251e-01       3.856960969284e+02 
       4.557254849017e-01       3.801675602445e+02 
       4.589523888009e-01       3.747054617789e+02 
       4.621792929182e-01       3.693028931987e+02 
       4.654061972489e-01       3.639615227580e+02 
       4.686331017887e-01       3.586824291608e+02 
       4.718600065332e-01       3.534724990970e+02 
       4.750869114783e-01       3.483373522317e+02 
       4.783138166198e-01       3.432845098859e+02 
       4.815407219539e-01       3.383223449909e+02 
       4.847676274766e-01       3.334608632143e+02 
       4.879945331843e-01       3.287108508280e+02 
       4.912214390732e-01       3.240802331960e+02 
       4.944483451398e-01       3.195718916790e+02 
       4.976752513806e-01       3.151838832919e+02 
       5.009021577922e-01       3.109104647614e+02 
       5.041290643714e-01       3.067429053959e+02 
       5.073559711150e-01       3.026700040001e+02 
       5.105828780198e-01       2.986824952138e+02 
       5.138097850827e-01       2.947726244070e+02 
       5.170366923009e-01       2.909327748357e+02 
       5.202635996714e-01       2.871571743336e+02 
       5.234905071913e-01       2.834393245565e+02 
       5.267174148580e-01       2.797738532685e+02 
       5.299443226687e-01       2.761567687451e+02 
       5.331712306208e-01       2.725867231034e+02 
       5.363981387118e-01       2.690661332273e+02 
       5.396250469391e-01       2.655980397235e+02 
       5.428519553004e-01       2.621868018681e+02 
       5.460788637931e-01       2.588357138627e+02 
       5.493057724151e-01       2.555458090739e+02 
       5.525326811641e-01       2.523198934994e+02 
       5.557595900377e-01       2.491545041719e+02 
       5.589864990339e-01       2.460490767789e+02 
       5.622134081506e-01       2.430037645148e+02 
       5.654403173856e-01       2.400179917976e+02 
       5.686672267370e-01       2.370911298993e+02 
       5.718941362028e-01       2.342219123456e+02 
       5.751210457810e-01       2.314069012709e+02 
       5.783479554697e-01       2.286419844554e+02 
       5.815748652672e-01       2.259233256788e+02 
       5.848017751716e-01       2.232477469681e+02 
       5.880286851811e-01       2.206130398950e+02 
       5.912555952941e-01       2.180187126219e+02 
       5.944825055087e-01       2.154645064434e+02 
       5.977094158235e-01       2.129490283515e+02 
       6.009363262367e-01       2.104716979482e+02 
       6.041632367468e-01       2.080309774488e+02 
       6.073901473522e-01       2.056255868472e+02 
       6.106170580514e-01       2.032549725526e+02 
       6.138439688430e-01       2.009198919210e+02 
       6.170708797254e-01       1.986218820249e+02 
       6.202977906973e-01       1.963621218238e+02 
       6.235247017573e-01       1.941413013871e+02 
       6.267516129040e-01       1.919583645681e+02 
       6.299785241360e-01       1.898123482389e+02 
       6.332054354521e-01       1.877011620351e+02 
       6.364323468510e-01       1.856236277358e+02 
       6.396592583313e-01       1.835790866275e+02 
       6.428861698920e-01       1.815673483370e+02 
       6.461130815318e-01       1.795883619920e+02 
       6.493399932494e-01       1.776399170980e+02 
       6.525669050438e-01       1.757221904487e+02 
       6.557938169138e-01       1.738327723428e+02 
       6.590207288583e-01       1.719686602080e+02 
       6.622476408762e-01       1.701309171266e+02 
       6.654745529665e-01       1.683188623996e+02 
       6.687014651280e-01       1.665324721107e+02 
       6.719283773597e-01       1.647725557323e+02 
       6.751552896608e-01       1.630384740626e+02 
       6.783822020300e-01       1.613294882871e+02 
       6.816091144665e-01       1.596460709468e+02 
       6.848360269694e-01       1.579859863483e+02 
       6.880629395377e-01       1.563486784929e+02 
       6.912898521704e-01       1.547353420208e+02 
       6.945167648667e-01       1.531457537345e+02 
       6.977436776257e-01       1.515799139079e+02 
       7.009705904465e-01       1.500383256363e+02 
       7.041975033283e-01       1.485200803305e+02 
       7.074244162702e-01       1.470232146913e+02 
       7.106513292715e-01       1.455471514409e+02 
       7.138782423312e-01       1.440903573609e+02 
       7.171051554486e-01       1.426541585892e+02 
       7.203320686230e-01       1.412377845867e+02 
       7.235589818536e-01       1.398421901355e+02 
       7.267858951396e-01       1.384652439245e+02 
       7.300128084803e-01       1.371083411828e+02 
       7.332397218749e-01       1.357686388431e+02 
       7.364666353228e-01       1.344464999973e+02 
       7.396935488232e-01       1.331412371005e+02 
       7.429204623755e-01       1.318533937254e+02 
       7.461473759790e-01       1.305820206290e+02 
       7.493742896331e-01       1.293292782740e+02 
       7.526012033370e-01       1.280934253747e+02 
       7.558281170901e-01       1.268744470366e+02 
       8.254805472705e-01       1.040770534871e+02 
       9.260323043912e-01       8.016058651777e+01 
       1.085583731157e+00       5.558879105352e+01 
       1.338472047589e+00       3.403573869580e+01 
       1.682645254200e+00       1.971019368740e+01 
       2.118282532712e+00       1.125933487741e+01 
       2.666759564566e+00       6.364898611105e+00 
       3.357251382908e+00       3.558435100606e+00 
       4.226529079725e+00       1.963492867372e+00 
       5.320884862152e+00       1.065323688441e+00 
       6.698597166194e+00       5.644998261771e-01 
       8.433034195895e+00       2.888267347857e-01 
       1.061656104774e+01       1.399988024397e-01 
       1.336545848887e+01       6.252494616681e-02 
       1.682611533191e+01       2.467122472460e-02 
       2.118282417312e+01       8.136272681500e-03 
       2.666759564511e+01       2.100690901818e-03 
       3.357251382908e+01       3.888940412491e-04 
       4.226529079725e+01       4.852489406683e-05 
       5.320884862152e+01       3.822013797427e-06 
       6.698597166194e+01       1.858769577357e-07 
       8.433034195895e+01       6.194158863974e-09 
       1.061656104774e+02       2.306991424098e-10 
       1.336545848887e+02       3.867552399311e-11 
       1.682611533191e+02       2.316348299587e-11 
       2.118282417312e+02       1.001427718651e-11 
       2.666759564511e+02       2.317827181395e-12 
       3.357251382908e+02       3.215920201478e-13 
       4.226529079725e+02       3.066051950784e-14 
       5.320884862152e+02       2.190931110233e-15 
